A=[ 95.0129   23.1139   60.6843   48.5982   89.1299   76.2097   45.6468
    1.8504   82.1407   44.4703   61.5432   79.1937   92.1813   73.8207
   17.6266   40.5706   93.5470   91.6904   41.0270   89.3650    5.7891
   35.2868   81.3166    0.9861   13.8891   20.2765   19.8722   60.3792
   27.2188   19.8814    1.5274   74.6786   44.5096   93.1815   46.5994
   41.8649   84.6221   52.5152   20.2647   67.2137   83.8118    1.9640
   68.1277   37.9481   83.1796   50.2813   70.9471   42.8892   30.4617
   18.9654   19.3431   68.2223   30.2764   54.1674   15.0873   69.7898];
